  0.742170E-04  0.198860E+08  0.198860E+08  0.258103E+08  0.258092E+08  0.000000E+00  0.198847E+08  0.525813E+00  0.198860E+08
  0.103578E-03  0.198847E+08  0.198847E+08  0.251568E+08  0.251549E+08  0.000000E+00  0.198834E+08  0.525806E+00  0.198847E+08
  0.144555E-03  0.198822E+08  0.198822E+08  0.239273E+08  0.239237E+08  0.000000E+00  0.198809E+08  0.525793E+00  0.198822E+08
  0.201743E-03  0.198774E+08  0.198774E+08  0.216891E+08  0.216830E+08  0.000000E+00  0.198760E+08  0.525769E+00  0.198774E+08
  0.281555E-03  0.198681E+08  0.198681E+08  0.178730E+08  0.178639E+08  0.000000E+00  0.198668E+08  0.525727E+00  0.198681E+08
  0.392941E-03  0.198507E+08  0.198506E+08  0.121689E+08  0.121590E+08  0.000000E+00  0.198493E+08  0.525657E+00  0.198507E+08
  0.548394E-03  0.198185E+08  0.198184E+08  0.568106E+07  0.567759E+07  0.000000E+00  0.198171E+08  0.525561E+00  0.198185E+08
  0.765345E-03  0.197615E+08  0.197614E+08  0.166125E+07  0.166573E+07  0.000000E+00  0.197601E+08  0.525464E+00  0.197614E+08
  0.106813E-02  0.196650E+08  0.196648E+08  0.932665E+06  0.928676E+06  0.000000E+00  0.196636E+08  0.525403E+00  0.196649E+08
  0.149069E-02  0.195082E+08  0.195079E+08  0.227561E+06  0.219173E+06  0.000000E+00  0.195068E+08  0.525372E+00  0.195081E+08
  0.208042E-02  0.192617E+08  0.192612E+08  0.000000E+00  0.000000E+00  0.000000E+00  0.192603E+08  0.525357E+00  0.192616E+08
  0.290346E-02  0.188864E+08  0.188854E+08  0.000000E+00  0.000000E+00  0.000000E+00  0.188850E+08  0.525347E+00  0.188861E+08
  0.405211E-02  0.183340E+08  0.183322E+08  0.000000E+00  0.000000E+00  0.000000E+00  0.183326E+08  0.525341E+00  0.183336E+08
  0.418946E-02  0.182670E+08  0.182650E+08  0.000000E+00  0.000000E+00  0.000000E+00  0.182656E+08  0.525341E+00  0.182665E+08
  0.433146E-02  0.181976E+08  0.181955E+08  0.000000E+00  0.000000E+00  0.000000E+00  0.181962E+08  0.525340E+00  0.181971E+08
  0.447828E-02  0.181258E+08  0.181236E+08  0.000000E+00  0.000000E+00  0.000000E+00  0.181244E+08  0.525340E+00  0.181253E+08
  0.463007E-02  0.180515E+08  0.180491E+08  0.000000E+00  0.000000E+00  0.000000E+00  0.180501E+08  0.525340E+00  0.180509E+08
  0.478700E-02  0.179746E+08  0.179721E+08  0.000000E+00  0.000000E+00  0.000000E+00  0.179732E+08  0.525340E+00  0.179740E+08
  0.494926E-02  0.178951E+08  0.178924E+08  0.000000E+00  0.000000E+00  0.000000E+00  0.178937E+08  0.525339E+00  0.178945E+08
  0.511702E-02  0.178130E+08  0.178101E+08  0.000000E+00  0.000000E+00  0.000000E+00  0.178116E+08  0.525339E+00  0.178123E+08
  0.529046E-02  0.177282E+08  0.177251E+08  0.000000E+00  0.000000E+00  0.000000E+00  0.177267E+08  0.525339E+00  0.177274E+08
  0.546978E-02  0.176405E+08  0.176372E+08  0.000000E+00  0.000000E+00  0.000000E+00  0.176391E+08  0.525339E+00  0.176397E+08
  0.565518E-02  0.175500E+08  0.175465E+08  0.000000E+00  0.000000E+00  0.000000E+00  0.175486E+08  0.525338E+00  0.175492E+08
  0.584686E-02  0.174567E+08  0.174530E+08  0.000000E+00  0.000000E+00  0.000000E+00  0.174552E+08  0.525338E+00  0.174558E+08
  0.604504E-02  0.173603E+08  0.173564E+08  0.000000E+00  0.000000E+00  0.000000E+00  0.173589E+08  0.525338E+00  0.173594E+08
  0.624994E-02  0.172610E+08  0.172568E+08  0.000000E+00  0.000000E+00  0.000000E+00  0.172595E+08  0.525338E+00  0.172600E+08
  0.646178E-02  0.171586E+08  0.171541E+08  0.000000E+00  0.000000E+00  0.000000E+00  0.171571E+08  0.525338E+00  0.171575E+08
  0.668080E-02  0.170531E+08  0.170483E+08  0.000000E+00  0.000000E+00  0.000000E+00  0.170516E+08  0.525337E+00  0.170519E+08
  0.690725E-02  0.169442E+08  0.169391E+08  0.000000E+00  0.000000E+00  0.000000E+00  0.169427E+08  0.525337E+00  0.169430E+08
  0.714137E-02  0.168322E+08  0.168268E+08  0.000000E+00  0.000000E+00  0.000000E+00  0.168307E+08  0.525337E+00  0.168309E+08
  0.738343E-02  0.167168E+08  0.167111E+08  0.000000E+00  0.000000E+00  0.000000E+00  0.167153E+08  0.525337E+00  0.167155E+08
  0.763369E-02  0.165980E+08  0.165919E+08  0.000000E+00  0.000000E+00  0.000000E+00  0.165965E+08  0.525337E+00  0.165966E+08
  0.789244E-02  0.164758E+08  0.164693E+08  0.000000E+00  0.000000E+00  0.000000E+00  0.164743E+08  0.525337E+00  0.164743E+08
  0.815995E-02  0.163500E+08  0.163431E+08  0.000000E+00  0.000000E+00  0.000000E+00  0.163484E+08  0.525337E+00  0.163483E+08
  0.843653E-02  0.162207E+08  0.162134E+08  0.000000E+00  0.000000E+00  0.000000E+00  0.162191E+08  0.525337E+00  0.162190E+08
  0.872249E-02  0.160876E+08  0.160799E+08  0.000000E+00  0.000000E+00  0.000000E+00  0.160860E+08  0.525336E+00  0.160858E+08
  0.901814E-02  0.159510E+08  0.159428E+08  0.000000E+00  0.000000E+00  0.000000E+00  0.159494E+08  0.525336E+00  0.159490E+08
  0.932381E-02  0.158105E+08  0.158018E+08  0.000000E+00  0.000000E+00  0.000000E+00  0.158089E+08  0.525336E+00  0.158084E+08
  0.963984E-02  0.156662E+08  0.156570E+08  0.000000E+00  0.000000E+00  0.000000E+00  0.156645E+08  0.525336E+00  0.156640E+08
  0.996659E-02  0.155181E+08  0.155082E+08  0.000000E+00  0.000000E+00  0.000000E+00  0.155163E+08  0.525336E+00  0.155157E+08
  0.103044E-01  0.153657E+08  0.153553E+08  0.000000E+00  0.000000E+00  0.000000E+00  0.153640E+08  0.525336E+00  0.153633E+08
  0.106537E-01  0.152096E+08  0.151986E+08  0.000000E+00  0.000000E+00  0.000000E+00  0.152078E+08  0.525336E+00  0.152070E+08
  0.110148E-01  0.150493E+08  0.150376E+08  0.000000E+00  0.000000E+00  0.000000E+00  0.150475E+08  0.525336E+00  0.150466E+08
  0.113881E-01  0.148849E+08  0.148725E+08  0.000000E+00  0.000000E+00  0.000000E+00  0.148830E+08  0.525336E+00  0.148820E+08
  0.117741E-01  0.147161E+08  0.147030E+08  0.000000E+00  0.000000E+00  0.000000E+00  0.147141E+08  0.525336E+00  0.147130E+08
  0.121732E-01  0.145431E+08  0.145292E+08  0.000000E+00  0.000000E+00  0.000000E+00  0.145410E+08  0.525336E+00  0.145398E+08
  0.125858E-01  0.143657E+08  0.143510E+08  0.000000E+00  0.000000E+00  0.000000E+00  0.143635E+08  0.525335E+00  0.143622E+08
  0.130124E-01  0.141838E+08  0.141683E+08  0.000000E+00  0.000000E+00  0.000000E+00  0.141816E+08  0.525335E+00  0.141801E+08
  0.134535E-01  0.139975E+08  0.139810E+08  0.000000E+00  0.000000E+00  0.000000E+00  0.139951E+08  0.525335E+00  0.139936E+08
  0.139095E-01  0.138062E+08  0.137889E+08  0.000000E+00  0.000000E+00  0.000000E+00  0.138038E+08  0.525335E+00  0.138021E+08
  0.143810E-01  0.136108E+08  0.135925E+08  0.000000E+00  0.000000E+00  0.000000E+00  0.136082E+08  0.525335E+00  0.136065E+08
  0.148684E-01  0.134107E+08  0.133914E+08  0.000000E+00  0.000000E+00  0.000000E+00  0.134080E+08  0.525335E+00  0.134061E+08
  0.153724E-01  0.132055E+08  0.131852E+08  0.000000E+00  0.000000E+00  0.000000E+00  0.132027E+08  0.525335E+00  0.132007E+08
  0.158934E-01  0.129960E+08  0.129746E+08  0.000000E+00  0.000000E+00  0.000000E+00  0.129929E+08  0.525334E+00  0.129909E+08
  0.164321E-01  0.127813E+08  0.127588E+08  0.000000E+00  0.000000E+00  0.000000E+00  0.127780E+08  0.525334E+00  0.127760E+08
  0.169891E-01  0.125619E+08  0.125383E+08  0.000000E+00  0.000000E+00  0.000000E+00  0.125584E+08  0.525334E+00  0.125563E+08
  0.175649E-01  0.123376E+08  0.123127E+08  0.000000E+00  0.000000E+00  0.000000E+00  0.123338E+08  0.525334E+00  0.123317E+08
  0.181603E-01  0.121083E+08  0.120823E+08  0.000000E+00  0.000000E+00  0.000000E+00  0.121043E+08  0.525334E+00  0.121021E+08
  0.187758E-01  0.118742E+08  0.118470E+08  0.000000E+00  0.000000E+00  0.000000E+00  0.118699E+08  0.525333E+00  0.118678E+08
  0.194123E-01  0.116352E+08  0.116067E+08  0.000000E+00  0.000000E+00  0.000000E+00  0.116305E+08  0.525333E+00  0.116284E+08
  0.200702E-01  0.113914E+08  0.113616E+08  0.000000E+00  0.000000E+00  0.000000E+00  0.113863E+08  0.525333E+00  0.113843E+08
  0.207505E-01  0.111426E+08  0.111115E+08  0.000000E+00  0.000000E+00  0.000000E+00  0.111371E+08  0.525332E+00  0.111352E+08
  0.214539E-01  0.108892E+08  0.108568E+08  0.000000E+00  0.000000E+00  0.000000E+00  0.108832E+08  0.525332E+00  0.108815E+08
  0.221810E-01  0.106310E+08  0.105973E+08  0.000000E+00  0.000000E+00  0.000000E+00  0.106245E+08  0.525331E+00  0.106230E+08
  0.229329E-01  0.103683E+08  0.103333E+08  0.000000E+00  0.000000E+00  0.000000E+00  0.103612E+08  0.525330E+00  0.103600E+08
  0.237102E-01  0.101012E+08  0.100650E+08  0.000000E+00  0.000000E+00  0.000000E+00  0.100935E+08  0.525330E+00  0.100926E+08
  0.245138E-01  0.982981E+07  0.979234E+07  0.000000E+00  0.000000E+00  0.000000E+00  0.982140E+07  0.525329E+00  0.982093E+07
  0.253447E-01  0.955443E+07  0.951576E+07  0.000000E+00  0.000000E+00  0.000000E+00  0.954524E+07  0.525328E+00  0.954526E+07
  0.262038E-01  0.927523E+07  0.923541E+07  0.000000E+00  0.000000E+00  0.000000E+00  0.926518E+07  0.525327E+00  0.926579E+07
  0.270920E-01  0.899239E+07  0.895148E+07  0.000000E+00  0.000000E+00  0.000000E+00  0.898140E+07  0.525325E+00  0.898270E+07
  0.280103E-01  0.870654E+07  0.866463E+07  0.000000E+00  0.000000E+00  0.000000E+00  0.869452E+07  0.525324E+00  0.869661E+07
  0.289597E-01  0.841780E+07  0.837498E+07  0.000000E+00  0.000000E+00  0.000000E+00  0.840465E+07  0.525322E+00  0.840765E+07
  0.299413E-01  0.812658E+07  0.808296E+07  0.000000E+00  0.000000E+00  0.000000E+00  0.811220E+07  0.525320E+00  0.811624E+07
  0.309561E-01  0.783351E+07  0.778923E+07  0.000000E+00  0.000000E+00  0.000000E+00  0.781779E+07  0.525318E+00  0.782301E+07
  0.320054E-01  0.753903E+07  0.749424E+07  0.000000E+00  0.000000E+00  0.000000E+00  0.752188E+07  0.525316E+00  0.752842E+07
  0.330902E-01  0.724374E+07  0.719860E+07  0.000000E+00  0.000000E+00  0.000000E+00  0.722503E+07  0.525313E+00  0.723304E+07
  0.342118E-01  0.694821E+07  0.690291E+07  0.000000E+00  0.000000E+00  0.000000E+00  0.692782E+07  0.525310E+00  0.693747E+07
  0.353714E-01  0.665313E+07  0.660787E+07  0.000000E+00  0.000000E+00  0.000000E+00  0.663096E+07  0.525306E+00  0.664240E+07
  0.365704E-01  0.635934E+07  0.631433E+07  0.000000E+00  0.000000E+00  0.000000E+00  0.633526E+07  0.525302E+00  0.634867E+07
  0.378099E-01  0.606647E+07  0.602195E+07  0.000000E+00  0.000000E+00  0.000000E+00  0.604038E+07  0.525297E+00  0.605592E+07
  0.390915E-01  0.577540E+07  0.573160E+07  0.000000E+00  0.000000E+00  0.000000E+00  0.574719E+07  0.525292E+00  0.576502E+07
  0.404165E-01  0.548793E+07  0.544511E+07  0.000000E+00  0.000000E+00  0.000000E+00  0.545750E+07  0.525286E+00  0.547778E+07
  0.417864E-01  0.520512E+07  0.516353E+07  0.000000E+00  0.000000E+00  0.000000E+00  0.517240E+07  0.525279E+00  0.519526E+07
  0.432028E-01  0.492842E+07  0.488831E+07  0.000000E+00  0.000000E+00  0.000000E+00  0.489333E+07  0.525271E+00  0.491891E+07
  0.446671E-01  0.465863E+07  0.462024E+07  0.000000E+00  0.000000E+00  0.000000E+00  0.462112E+07  0.525262E+00  0.464953E+07
  0.461811E-01  0.439620E+07  0.435977E+07  0.000000E+00  0.000000E+00  0.000000E+00  0.435625E+07  0.525252E+00  0.438757E+07
  0.477465E-01  0.414178E+07  0.410752E+07  0.000000E+00  0.000000E+00  0.000000E+00  0.409940E+07  0.525240E+00  0.413366E+07
  0.493648E-01  0.389594E+07  0.386402E+07  0.000000E+00  0.000000E+00  0.000000E+00  0.385115E+07  0.525226E+00  0.388837E+07
  0.510380E-01  0.365931E+07  0.362988E+07  0.000000E+00  0.000000E+00  0.000000E+00  0.361219E+07  0.525211E+00  0.365234E+07
  0.527680E-01  0.343269E+07  0.340583E+07  0.000000E+00  0.000000E+00  0.000000E+00  0.338334E+07  0.525194E+00  0.342632E+07
  0.545566E-01  0.321684E+07  0.319261E+07  0.000000E+00  0.000000E+00  0.000000E+00  0.316539E+07  0.525174E+00  0.321109E+07
  0.564058E-01  0.301264E+07  0.299103E+07  0.000000E+00  0.000000E+00  0.000000E+00  0.295924E+07  0.525151E+00  0.300751E+07
  0.583177E-01  0.282089E+07  0.280181E+07  0.000000E+00  0.000000E+00  0.000000E+00  0.276570E+07  0.525126E+00  0.281637E+07
  0.610664E-01  0.258178E+07  0.256597E+07  0.000000E+00  0.000000E+00  0.000000E+00  0.252428E+07  0.525084E+00  0.257803E+07
  0.638152E-01  0.237271E+07  0.235959E+07  0.000000E+00  0.000000E+00  0.000000E+00  0.231320E+07  0.525037E+00  0.236960E+07
  0.665640E-01  0.219169E+07  0.218064E+07  0.000000E+00  0.000000E+00  0.000000E+00  0.213032E+07  0.524983E+00  0.218907E+07
  0.693128E-01  0.203302E+07  0.202341E+07  0.000000E+00  0.000000E+00  0.000000E+00  0.196978E+07  0.524923E+00  0.203074E+07
  0.720615E-01  0.189113E+07  0.188234E+07  0.000000E+00  0.000000E+00  0.000000E+00  0.182592E+07  0.524856E+00  0.188905E+07
  0.748103E-01  0.176111E+07  0.175259E+07  0.000000E+00  0.000000E+00  0.000000E+00  0.169380E+07  0.524780E+00  0.175909E+07
  0.775591E-01  0.163904E+07  0.163034E+07  0.000000E+00  0.000000E+00  0.000000E+00  0.156955E+07  0.524697E+00  0.163698E+07
  0.803079E-01  0.152229E+07  0.151306E+07  0.000000E+00  0.000000E+00  0.000000E+00  0.145068E+07  0.524606E+00  0.152010E+07
  0.830567E-01  0.140962E+07  0.139965E+07  0.000000E+00  0.000000E+00  0.000000E+00  0.133611E+07  0.524505E+00  0.140726E+07
  0.858054E-01  0.130113E+07  0.129032E+07  0.000000E+00  0.000000E+00  0.000000E+00  0.122609E+07  0.524395E+00  0.129857E+07
  0.885542E-01  0.119797E+07  0.118633E+07  0.000000E+00  0.000000E+00  0.000000E+00  0.112190E+07  0.524276E+00  0.119521E+07
  0.913030E-01  0.110188E+07  0.108954E+07  0.000000E+00  0.000000E+00  0.000000E+00  0.102528E+07  0.524147E+00  0.109896E+07
  0.940518E-01  0.101468E+07  0.100183E+07  0.000000E+00  0.000000E+00  0.000000E+00  0.937918E+06  0.524006E+00  0.101164E+07
  0.968005E-01  0.937735E+06  0.924632E+06  0.000000E+00  0.000000E+00  0.000000E+00  0.860993E+06  0.523854E+00  0.934630E+06
  0.995493E-01  0.871690E+06  0.858610E+06  0.000000E+00  0.000000E+00  0.000000E+00  0.794896E+06  0.523690E+00  0.868589E+06
  0.102298E+00  0.816341E+06  0.803564E+06  0.000000E+00  0.000000E+00  0.000000E+00  0.739193E+06  0.523513E+00  0.813312E+06
  0.105047E+00  0.770735E+06  0.758522E+06  0.000000E+00  0.000000E+00  0.000000E+00  0.692779E+06  0.523325E+00  0.767840E+06
  0.107796E+00  0.733406E+06  0.721978E+06  0.000000E+00  0.000000E+00  0.000000E+00  0.654150E+06  0.523124E+00  0.730698E+06
  0.110544E+00  0.702673E+06  0.692195E+06  0.000000E+00  0.000000E+00  0.000000E+00  0.621690E+06  0.522910E+00  0.700190E+06
  0.113293E+00  0.676903E+06  0.667477E+06  0.000000E+00  0.000000E+00  0.000000E+00  0.593902E+06  0.522684E+00  0.674669E+06
  0.116042E+00  0.654681E+06  0.646342E+06  0.000000E+00  0.000000E+00  0.000000E+00  0.569514E+06  0.522444E+00  0.652704E+06
  0.118791E+00  0.634846E+06  0.627567E+06  0.000000E+00  0.000000E+00  0.000000E+00  0.547483E+06  0.522190E+00  0.633121E+06
  0.121540E+00  0.616446E+06  0.610138E+06  0.000000E+00  0.000000E+00  0.000000E+00  0.526926E+06  0.521921E+00  0.614951E+06
  0.124288E+00  0.598642E+06  0.593173E+06  0.000000E+00  0.000000E+00  0.000000E+00  0.507054E+06  0.521636E+00  0.597346E+06
  0.127037E+00  0.580680E+06  0.575880E+06  0.000000E+00  0.000000E+00  0.000000E+00  0.487174E+06  0.521337E+00  0.579543E+06
  0.129786E+00  0.561922E+06  0.557602E+06  0.000000E+00  0.000000E+00  0.000000E+00  0.466742E+06  0.521024E+00  0.560898E+06
  0.132535E+00  0.541933E+06  0.537901E+06  0.000000E+00  0.000000E+00  0.000000E+00  0.445446E+06  0.520696E+00  0.540978E+06
  0.135283E+00  0.520586E+06  0.516657E+06  0.000000E+00  0.000000E+00  0.000000E+00  0.423269E+06  0.520354E+00  0.519655E+06
  0.138032E+00  0.498074E+06  0.494085E+06  0.000000E+00  0.000000E+00  0.000000E+00  0.400459E+06  0.519996E+00  0.497128E+06
  0.140781E+00  0.474839E+06  0.470658E+06  0.000000E+00  0.000000E+00  0.000000E+00  0.377438E+06  0.519623E+00  0.473848E+06
  0.143530E+00  0.451444E+06  0.446976E+06  0.000000E+00  0.000000E+00  0.000000E+00  0.354672E+06  0.519233E+00  0.450385E+06
  0.146279E+00  0.428429E+06  0.423620E+06  0.000000E+00  0.000000E+00  0.000000E+00  0.332577E+06  0.518828E+00  0.427289E+06
  0.149027E+00  0.406241E+06  0.401076E+06  0.000000E+00  0.000000E+00  0.000000E+00  0.311477E+06  0.518407E+00  0.405016E+06
  0.151776E+00  0.385220E+06  0.379723E+06  0.000000E+00  0.000000E+00  0.000000E+00  0.291623E+06  0.517971E+00  0.383917E+06
  0.154525E+00  0.365646E+06  0.359873E+06  0.000000E+00  0.000000E+00  0.000000E+00  0.273224E+06  0.517521E+00  0.364278E+06
  0.157274E+00  0.347774E+06  0.341804E+06  0.000000E+00  0.000000E+00  0.000000E+00  0.256461E+06  0.517056E+00  0.346359E+06
  0.160022E+00  0.331820E+06  0.325751E+06  0.000000E+00  0.000000E+00  0.000000E+00  0.241464E+06  0.516576E+00  0.330382E+06
  0.162771E+00  0.317930E+06  0.311866E+06  0.000000E+00  0.000000E+00  0.000000E+00  0.228282E+06  0.516079E+00  0.316492E+06
  0.165520E+00  0.306120E+06  0.300166E+06  0.000000E+00  0.000000E+00  0.000000E+00  0.216853E+06  0.515566E+00  0.304709E+06
  0.168269E+00  0.296262E+06  0.290513E+06  0.000000E+00  0.000000E+00  0.000000E+00  0.207015E+06  0.515039E+00  0.294900E+06
  0.171018E+00  0.288104E+06  0.282639E+06  0.000000E+00  0.000000E+00  0.000000E+00  0.198537E+06  0.514499E+00  0.286809E+06
  0.173766E+00  0.281322E+06  0.276201E+06  0.000000E+00  0.000000E+00  0.000000E+00  0.191158E+06  0.513945E+00  0.280108E+06
  0.176515E+00  0.275571E+06  0.270833E+06  0.000000E+00  0.000000E+00  0.000000E+00  0.184619E+06  0.513377E+00  0.274448E+06
  0.179264E+00  0.270530E+06  0.266188E+06  0.000000E+00  0.000000E+00  0.000000E+00  0.178676E+06  0.512794E+00  0.269501E+06
  0.182013E+00  0.265904E+06  0.261949E+06  0.000000E+00  0.000000E+00  0.000000E+00  0.173107E+06  0.512196E+00  0.264967E+06
  0.184761E+00  0.261430E+06  0.257832E+06  0.000000E+00  0.000000E+00  0.000000E+00  0.167718E+06  0.511585E+00  0.260577E+06
  0.187510E+00  0.256876E+06  0.253590E+06  0.000000E+00  0.000000E+00  0.000000E+00  0.162354E+06  0.510961E+00  0.256097E+06
  0.190259E+00  0.252054E+06  0.249021E+06  0.000000E+00  0.000000E+00  0.000000E+00  0.156904E+06  0.510326E+00  0.251335E+06
  0.193008E+00  0.246835E+06  0.243988E+06  0.000000E+00  0.000000E+00  0.000000E+00  0.151305E+06  0.509679E+00  0.246160E+06
  0.195757E+00  0.241153E+06  0.238426E+06  0.000000E+00  0.000000E+00  0.000000E+00  0.145535E+06  0.509019E+00  0.240507E+06
  0.198505E+00  0.235010E+06  0.232336E+06  0.000000E+00  0.000000E+00  0.000000E+00  0.139604E+06  0.508347E+00  0.234376E+06
  0.201254E+00  0.228457E+06  0.225778E+06  0.000000E+00  0.000000E+00  0.000000E+00  0.133551E+06  0.507662E+00  0.227822E+06
  0.204003E+00  0.221585E+06  0.218853E+06  0.000000E+00  0.000000E+00  0.000000E+00  0.127438E+06  0.506967E+00  0.220937E+06
  0.206752E+00  0.214514E+06  0.211693E+06  0.000000E+00  0.000000E+00  0.000000E+00  0.121346E+06  0.506264E+00  0.213845E+06
  0.209500E+00  0.207385E+06  0.204453E+06  0.000000E+00  0.000000E+00  0.000000E+00  0.115370E+06  0.505550E+00  0.206690E+06
  0.212249E+00  0.200346E+06  0.197296E+06  0.000000E+00  0.000000E+00  0.000000E+00  0.109596E+06  0.504826E+00  0.199623E+06
  0.214998E+00  0.193540E+06  0.190378E+06  0.000000E+00  0.000000E+00  0.000000E+00  0.104095E+06  0.504091E+00  0.192791E+06
  0.223597E+00  0.174949E+06  0.171584E+06  0.000000E+00  0.000000E+00  0.000000E+00  0.891573E+05  0.501741E+00  0.174152E+06
  0.232540E+00  0.161302E+06  0.158085E+06  0.000000E+00  0.000000E+00  0.000000E+00  0.776814E+05  0.499215E+00  0.160540E+06
  0.241840E+00  0.152417E+06  0.149650E+06  0.000000E+00  0.000000E+00  0.000000E+00  0.691627E+05  0.496526E+00  0.151761E+06
  0.251512E+00  0.145337E+06  0.143063E+06  0.000000E+00  0.000000E+00  0.000000E+00  0.619341E+05  0.493671E+00  0.144798E+06
  0.261571E+00  0.137082E+06  0.135079E+06  0.000000E+00  0.000000E+00  0.000000E+00  0.546514E+05  0.490659E+00  0.136607E+06
  0.272033E+00  0.126668E+06  0.124655E+06  0.000000E+00  0.000000E+00  0.000000E+00  0.470513E+05  0.487504E+00  0.126191E+06
  0.282913E+00  0.115701E+06  0.113582E+06  0.000000E+00  0.000000E+00  0.000000E+00  0.398879E+05  0.484223E+00  0.115199E+06
  0.294228E+00  0.106648E+06  0.104554E+06  0.000000E+00  0.000000E+00  0.000000E+00  0.340092E+05  0.480830E+00  0.106152E+06
  0.305995E+00  0.100228E+06  0.983485E+05  0.000000E+00  0.000000E+00  0.000000E+00  0.294742E+05  0.477345E+00  0.997823E+05
  0.318234E+00  0.950228E+05  0.933954E+05  0.000000E+00  0.000000E+00  0.000000E+00  0.256812E+05  0.473788E+00  0.946371E+05
  0.330961E+00  0.891717E+05  0.876663E+05  0.000000E+00  0.000000E+00  0.000000E+00  0.220624E+05  0.470186E+00  0.888149E+05
  0.344198E+00  0.825272E+05  0.810256E+05  0.000000E+00  0.000000E+00  0.000000E+00  0.186192E+05  0.466565E+00  0.821713E+05
  0.357964E+00  0.764714E+05  0.749990E+05  0.000000E+00  0.000000E+00  0.000000E+00  0.156810E+05  0.462950E+00  0.761224E+05
  0.372281E+00  0.717724E+05  0.704225E+05  0.000000E+00  0.000000E+00  0.000000E+00  0.133370E+05  0.459352E+00  0.714525E+05
  0.387170E+00  0.676880E+05  0.664714E+05  0.000000E+00  0.000000E+00  0.000000E+00  0.113598E+05  0.455817E+00  0.673997E+05
  0.402655E+00  0.633081E+05  0.621552E+05  0.000000E+00  0.000000E+00  0.000000E+00  0.956462E+04  0.452346E+00  0.630348E+05
  0.418759E+00  0.589132E+05  0.577954E+05  0.000000E+00  0.000000E+00  0.000000E+00  0.798572E+04  0.448982E+00  0.586483E+05
  0.435507E+00  0.551591E+05  0.541130E+05  0.000000E+00  0.000000E+00  0.000000E+00  0.668934E+04  0.445723E+00  0.549112E+05
  0.452925E+00  0.518660E+05  0.509046E+05  0.000000E+00  0.000000E+00  0.000000E+00  0.561224E+04  0.442591E+00  0.516381E+05
  0.471040E+00  0.485572E+05  0.476498E+05  0.000000E+00  0.000000E+00  0.000000E+00  0.467454E+04  0.439603E+00  0.483421E+05
  0.489879E+00  0.453738E+05  0.445111E+05  0.000000E+00  0.000000E+00  0.000000E+00  0.387590E+04  0.436768E+00  0.451693E+05
  0.509471E+00  0.425561E+05  0.417522E+05  0.000000E+00  0.000000E+00  0.000000E+00  0.321820E+04  0.434085E+00  0.423655E+05
  0.529848E+00  0.399151E+05  0.391642E+05  0.000000E+00  0.000000E+00  0.000000E+00  0.266515E+04  0.431563E+00  0.397371E+05
  0.551039E+00  0.373563E+05  0.366471E+05  0.000000E+00  0.000000E+00  0.000000E+00  0.219785E+04  0.429209E+00  0.371882E+05
  0.573077E+00  0.350077E+05  0.343432E+05  0.000000E+00  0.000000E+00  0.000000E+00  0.181064E+04  0.427023E+00  0.348502E+05
  0.595998E+00  0.328209E+05  0.321993E+05  0.000000E+00  0.000000E+00  0.000000E+00  0.148935E+04  0.424993E+00  0.326736E+05
  0.619834E+00  0.307389E+05  0.301544E+05  0.000000E+00  0.000000E+00  0.000000E+00  0.122156E+04  0.423116E+00  0.306004E+05
  0.644625E+00  0.288055E+05  0.282580E+05  0.000000E+00  0.000000E+00  0.000000E+00  0.100055E+04  0.421387E+00  0.286757E+05
  0.805039E+00  0.198992E+05  0.195202E+05  0.000000E+00  0.000000E+00  0.000000E+00  0.313025E+03  0.414170E+00  0.198094E+05
  0.100537E+01  0.137072E+05  0.134459E+05  0.000000E+00  0.000000E+00  0.000000E+00  0.939175E+02  0.410203E+00  0.136453E+05
  0.125556E+01  0.940946E+04  0.923008E+04  0.000000E+00  0.000000E+00  0.000000E+00  0.273353E+02  0.408232E+00  0.936694E+04
  0.156800E+01  0.643662E+04  0.631394E+04  0.000000E+00  0.000000E+00  0.000000E+00  0.780857E+01  0.407311E+00  0.640754E+04
  0.195820E+01  0.438836E+04  0.430474E+04  0.000000E+00  0.000000E+00  0.000000E+00  0.220444E+01  0.406921E+00  0.436854E+04
  0.244549E+01  0.298256E+04  0.292575E+04  0.000000E+00  0.000000E+00  0.000000E+00  0.618012E+00  0.406732E+00  0.296909E+04
  0.305405E+01  0.202127E+04  0.198277E+04  0.000000E+00  0.000000E+00  0.000000E+00  0.172092E+00  0.406662E+00  0.201215E+04
  0.381405E+01  0.136618E+04  0.134017E+04  0.000000E+00  0.000000E+00  0.000000E+00  0.481199E-01  0.406650E+00  0.136002E+04
  0.476317E+01  0.921154E+03  0.903609E+03  0.000000E+00  0.000000E+00  0.000000E+00  0.132559E-01  0.406641E+00  0.916995E+03
  0.594848E+01  0.619697E+03  0.607889E+03  0.000000E+00  0.000000E+00  0.000000E+00  0.373133E-02  0.406632E+00  0.616898E+03
  0.742875E+01  0.416028E+03  0.408095E+03  0.000000E+00  0.000000E+00  0.000000E+00  0.102737E-02  0.406607E+00  0.414148E+03
  0.927738E+01  0.278759E+03  0.273437E+03  0.000000E+00  0.000000E+00  0.000000E+00  0.279168E-03  0.406636E+00  0.277498E+03
  0.115860E+02  0.186448E+03  0.182881E+03  0.000000E+00  0.000000E+00  0.000000E+00  0.830045E-04  0.406610E+00  0.185603E+03
  0.144692E+02  0.124498E+03  0.122107E+03  0.000000E+00  0.000000E+00  0.000000E+00  0.183046E-04  0.406628E+00  0.123931E+03
  0.180699E+02  0.830008E+02  0.813984E+02  0.000000E+00  0.000000E+00  0.000000E+00  0.709093E-05  0.406628E+00  0.826210E+02
  0.225665E+02  0.552531E+02  0.541772E+02  0.000000E+00  0.000000E+00  0.000000E+00  0.248473E-05  0.406621E+00  0.549981E+02
  0.281822E+02  0.367292E+02  0.360044E+02  0.000000E+00  0.000000E+00  0.000000E+00 -0.198110E-06  0.406615E+00  0.365574E+02
  0.351953E+02  0.243815E+02  0.238905E+02  0.000000E+00  0.000000E+00  0.000000E+00 -0.302810E-06  0.406608E+00  0.242652E+02
  0.439536E+02  0.161624E+02  0.158266E+02  0.000000E+00  0.000000E+00  0.000000E+00 -0.656493E-07  0.406702E+00  0.160828E+02
  0.548914E+02  0.106984E+02  0.104656E+02  0.000000E+00  0.000000E+00  0.000000E+00  0.192195E-06  0.406604E+00  0.106432E+02
  0.685511E+02  0.707050E+01  0.690574E+01  0.000000E+00  0.000000E+00  0.000000E+00  0.759049E-07  0.406783E+00  0.703145E+01
  0.856100E+02  0.466436E+01  0.454454E+01  0.000000E+00  0.000000E+00  0.000000E+00 -0.439775E-07  0.406885E+00  0.463596E+01
  0.106914E+03  0.307025E+01  0.298007E+01  0.000000E+00  0.000000E+00  0.000000E+00 -0.484599E-07  0.406705E+00  0.304888E+01
