  0.478825E-01  0.120524E-01
  0.481474E-01  0.119529E-01
  0.484139E-01  0.118542E-01
  0.486819E-01  0.117563E-01
  0.489514E-01  0.116592E-01
  0.492225E-01  0.115628E-01
  0.494952E-01  0.114673E-01
  0.497694E-01  0.113725E-01
  0.500451E-01  0.112785E-01
  0.503225E-01  0.111853E-01
  0.506014E-01  0.110928E-01
  0.508820E-01  0.110010E-01
  0.511641E-01  0.109100E-01
  0.514479E-01  0.108197E-01
  0.517333E-01  0.107302E-01
  0.520204E-01  0.106414E-01
  0.523091E-01  0.105533E-01
  0.525994E-01  0.104659E-01
  0.528915E-01  0.103792E-01
  0.531852E-01  0.102933E-01
  0.534806E-01  0.102080E-01
  0.537776E-01  0.101234E-01
  0.540764E-01  0.100395E-01
  0.543770E-01  0.995631E-02
  0.546792E-01  0.987377E-02
  0.549832E-01  0.979190E-02
  0.552889E-01  0.971070E-02
  0.555964E-01  0.963015E-02
  0.559056E-01  0.955026E-02
  0.562167E-01  0.947102E-02
  0.565295E-01  0.939243E-02
  0.568441E-01  0.931447E-02
  0.571606E-01  0.923714E-02
  0.574788E-01  0.916045E-02
  0.577989E-01  0.908437E-02
  0.581208E-01  0.900892E-02
  0.584446E-01  0.893408E-02
  0.587703E-01  0.885985E-02
  0.590978E-01  0.878623E-02
  0.594272E-01  0.871320E-02
  0.597585E-01  0.864077E-02
  0.600917E-01  0.856893E-02
  0.604268E-01  0.849767E-02
  0.607639E-01  0.842700E-02
  0.611029E-01  0.835690E-02
  0.614439E-01  0.828737E-02
  0.617868E-01  0.821842E-02
  0.621317E-01  0.815002E-02
  0.624786E-01  0.808218E-02
  0.628275E-01  0.801489E-02
  0.631784E-01  0.794816E-02
  0.635313E-01  0.788197E-02
  0.638863E-01  0.781632E-02
  0.642433E-01  0.775120E-02
  0.646023E-01  0.768662E-02
  0.649635E-01  0.762256E-02
  0.653267E-01  0.755903E-02
  0.656920E-01  0.749602E-02
  0.660594E-01  0.743353E-02
  0.664290E-01  0.737154E-02
  0.668007E-01  0.731006E-02
  0.671745E-01  0.724909E-02
  0.675505E-01  0.718861E-02
  0.679286E-01  0.712863E-02
  0.683090E-01  0.706914E-02
  0.686915E-01  0.701014E-02
  0.690763E-01  0.695162E-02
  0.694632E-01  0.689358E-02
  0.698524E-01  0.683602E-02
  0.702439E-01  0.677893E-02
  0.706376E-01  0.672231E-02
  0.710336E-01  0.666615E-02
  0.714319E-01  0.661045E-02
  0.718325E-01  0.655521E-02
  0.722354E-01  0.650042E-02
  0.726406E-01  0.644608E-02
  0.730482E-01  0.639219E-02
  0.734581E-01  0.633874E-02
  0.738704E-01  0.628573E-02
  0.742851E-01  0.623316E-02
  0.747022E-01  0.618101E-02
  0.751217E-01  0.612930E-02
  0.755436E-01  0.607801E-02
  0.759680E-01  0.602714E-02
  0.763948E-01  0.597669E-02
  0.768241E-01  0.592666E-02
  0.772559E-01  0.587703E-02
  0.776901E-01  0.582782E-02
  0.781269E-01  0.577901E-02
  0.785663E-01  0.573060E-02
  0.790081E-01  0.568260E-02
  0.794526E-01  0.563498E-02
  0.798996E-01  0.558776E-02
  0.803492E-01  0.554093E-02
  0.808014E-01  0.549448E-02
  0.812562E-01  0.544842E-02
  0.817136E-01  0.540274E-02
  0.821737E-01  0.535743E-02
  0.826365E-01  0.531250E-02
  0.831020E-01  0.526793E-02
  0.835701E-01  0.522374E-02
  0.840410E-01  0.517991E-02
  0.845146E-01  0.513644E-02
  0.849910E-01  0.509333E-02
  0.854701E-01  0.505058E-02
  0.859520E-01  0.500818E-02
  0.864367E-01  0.496613E-02
  0.869242E-01  0.492443E-02
  0.874145E-01  0.488307E-02
  0.879077E-01  0.484206E-02
  0.884038E-01  0.480138E-02
  0.889027E-01  0.476104E-02
  0.894045E-01  0.472103E-02
  0.899092E-01  0.468136E-02
  0.904169E-01  0.464201E-02
  0.909275E-01  0.460299E-02
  0.914411E-01  0.456429E-02
  0.919577E-01  0.452591E-02
  0.924773E-01  0.448785E-02
  0.929999E-01  0.445011E-02
  0.935255E-01  0.441268E-02
  0.940542E-01  0.437556E-02
  0.945860E-01  0.433874E-02
  0.951208E-01  0.430223E-02
  0.956588E-01  0.426603E-02
  0.961999E-01  0.423012E-02
  0.967441E-01  0.419451E-02
  0.972916E-01  0.415920E-02
  0.978421E-01  0.412418E-02
  0.983960E-01  0.408945E-02
  0.989530E-01  0.405501E-02
  0.995132E-01  0.402086E-02
  0.100077E+00  0.398699E-02
  0.100644E+00  0.395340E-02
  0.101214E+00  0.392009E-02
  0.101787E+00  0.388706E-02
  0.102364E+00  0.385430E-02
  0.102944E+00  0.382181E-02
  0.103528E+00  0.378960E-02
  0.104115E+00  0.375765E-02
  0.104705E+00  0.372597E-02
  0.105299E+00  0.369455E-02
  0.105896E+00  0.366339E-02
  0.106497E+00  0.363249E-02
  0.107101E+00  0.360185E-02
  0.107709E+00  0.357147E-02
  0.108320E+00  0.354133E-02
  0.108935E+00  0.351145E-02
  0.109553E+00  0.348182E-02
  0.110175E+00  0.345243E-02
  0.110801E+00  0.342329E-02
  0.111430E+00  0.339440E-02
  0.112063E+00  0.336574E-02
  0.112700E+00  0.333732E-02
  0.113341E+00  0.330914E-02
  0.113985E+00  0.328120E-02
  0.114633E+00  0.325348E-02
  0.115284E+00  0.322600E-02
  0.115940E+00  0.319875E-02
  0.116599E+00  0.317173E-02
  0.117263E+00  0.314493E-02
  0.117930E+00  0.311836E-02
  0.118601E+00  0.309200E-02
  0.119276E+00  0.306587E-02
  0.119955E+00  0.303996E-02
  0.120638E+00  0.301426E-02
  0.121324E+00  0.298878E-02
  0.122015E+00  0.296351E-02
  0.122710E+00  0.293846E-02
  0.123409E+00  0.291361E-02
  0.124112E+00  0.288897E-02
  0.124820E+00  0.286454E-02
  0.125531E+00  0.284031E-02
  0.126246E+00  0.281628E-02
  0.126966E+00  0.279246E-02
  0.127690E+00  0.276883E-02
  0.128418E+00  0.274541E-02
  0.129151E+00  0.272217E-02
  0.129888E+00  0.269914E-02
  0.130629E+00  0.267630E-02
  0.131374E+00  0.265365E-02
  0.132124E+00  0.263118E-02
  0.132878E+00  0.260891E-02
  0.133637E+00  0.258683E-02
  0.134400E+00  0.256493E-02
  0.135168E+00  0.254321E-02
  0.135940E+00  0.252168E-02
  0.136716E+00  0.250032E-02
  0.137498E+00  0.247915E-02
  0.138283E+00  0.245815E-02
  0.139074E+00  0.243734E-02
  0.139869E+00  0.241669E-02
  0.140669E+00  0.239622E-02
  0.141473E+00  0.237592E-02
  0.142282E+00  0.235579E-02
  0.143096E+00  0.233584E-02
  0.143915E+00  0.231605E-02
  0.144739E+00  0.229642E-02
  0.145567E+00  0.227696E-02
  0.146400E+00  0.225767E-02
  0.147239E+00  0.223854E-02
  0.148082E+00  0.221957E-02
  0.148930E+00  0.220075E-02
  0.149783E+00  0.218210E-02
  0.150641E+00  0.216361E-02
  0.151505E+00  0.214527E-02
  0.152373E+00  0.212708E-02
  0.153246E+00  0.210905E-02
  0.154125E+00  0.209117E-02
  0.155009E+00  0.207345E-02
  0.155898E+00  0.205587E-02
  0.156792E+00  0.203844E-02
  0.157692E+00  0.202115E-02
  0.158597E+00  0.200402E-02
  0.159507E+00  0.198703E-02
  0.160423E+00  0.197018E-02
  0.161344E+00  0.195347E-02
  0.162271E+00  0.193691E-02
  0.163203E+00  0.192048E-02
  0.164140E+00  0.190420E-02
  0.165083E+00  0.188805E-02
  0.166032E+00  0.187204E-02
  0.166987E+00  0.185616E-02
  0.167947E+00  0.184042E-02
  0.168912E+00  0.182481E-02
  0.169884E+00  0.180934E-02
  0.170861E+00  0.179399E-02
  0.171844E+00  0.177878E-02
  0.172833E+00  0.176369E-02
  0.173828E+00  0.174874E-02
  0.174829E+00  0.173391E-02
  0.175835E+00  0.171920E-02
  0.176848E+00  0.170462E-02
  0.177867E+00  0.169016E-02
  0.178892E+00  0.167583E-02
  0.179923E+00  0.166162E-02
  0.180960E+00  0.164753E-02
  0.182003E+00  0.163356E-02
  0.183052E+00  0.161971E-02
  0.184108E+00  0.160597E-02
  0.185170E+00  0.159235E-02
  0.186239E+00  0.157885E-02
  0.187313E+00  0.156546E-02
  0.188395E+00  0.155219E-02
  0.189482E+00  0.153903E-02
  0.190577E+00  0.152598E-02
  0.191677E+00  0.151305E-02
  0.192785E+00  0.150022E-02
  0.193899E+00  0.148750E-02
  0.195020E+00  0.147489E-02
  0.196147E+00  0.146239E-02
  0.197281E+00  0.145000E-02
  0.198422E+00  0.143771E-02
  0.199570E+00  0.142553E-02
  0.200725E+00  0.141345E-02
  0.201887E+00  0.140147E-02
  0.203056E+00  0.138960E-02
  0.204231E+00  0.137782E-02
  0.205414E+00  0.136615E-02
  0.206604E+00  0.135458E-02
  0.207802E+00  0.134311E-02
  0.209006E+00  0.133173E-02
  0.210218E+00  0.132045E-02
  0.211437E+00  0.130927E-02
  0.212663E+00  0.129819E-02
  0.213897E+00  0.128720E-02
  0.215139E+00  0.127630E-02
  0.216387E+00  0.126550E-02
  0.217644E+00  0.125479E-02
  0.218908E+00  0.124417E-02
  0.220180E+00  0.123364E-02
  0.221459E+00  0.122321E-02
  0.222747E+00  0.121286E-02
  0.224042E+00  0.120260E-02
  0.225345E+00  0.119243E-02
  0.226656E+00  0.118235E-02
  0.227975E+00  0.117235E-02
  0.229302E+00  0.116244E-02
  0.230637E+00  0.115262E-02
  0.231980E+00  0.114288E-02
  0.233332E+00  0.113322E-02
  0.234692E+00  0.112365E-02
  0.236060E+00  0.111416E-02
  0.237436E+00  0.110475E-02
  0.238821E+00  0.109543E-02
  0.240215E+00  0.108618E-02
  0.241617E+00  0.107701E-02
  0.243028E+00  0.106793E-02
  0.244447E+00  0.105892E-02
  0.245876E+00  0.104999E-02
  0.247313E+00  0.104113E-02
  0.248758E+00  0.103236E-02
  0.250213E+00  0.102366E-02
  0.251677E+00  0.101503E-02
  0.253150E+00  0.100648E-02
  0.254632E+00  0.998002E-03
  0.256123E+00  0.989599E-03
  0.257624E+00  0.981269E-03
  0.259134E+00  0.973011E-03
  0.260653E+00  0.964825E-03
  0.262182E+00  0.956710E-03
  0.263720E+00  0.948665E-03
  0.265268E+00  0.940691E-03
  0.266826E+00  0.932786E-03
  0.268393E+00  0.924950E-03
  0.269970E+00  0.917182E-03
  0.271557E+00  0.909481E-03
  0.273155E+00  0.901848E-03
  0.274762E+00  0.894282E-03
  0.276379E+00  0.886782E-03
  0.278006E+00  0.879347E-03
  0.279644E+00  0.871977E-03
  0.281292E+00  0.864672E-03
  0.282951E+00  0.857430E-03
  0.284620E+00  0.850252E-03
  0.286300E+00  0.843137E-03
  0.287990E+00  0.836084E-03
  0.289691E+00  0.829094E-03
  0.291403E+00  0.822164E-03
  0.293126E+00  0.815295E-03
  0.294860E+00  0.808487E-03
  0.296605E+00  0.801739E-03
  0.298362E+00  0.795050E-03
  0.300129E+00  0.788420E-03
  0.301908E+00  0.781848E-03
  0.303698E+00  0.775334E-03
  0.305500E+00  0.768878E-03
  0.307314E+00  0.762479E-03
  0.309139E+00  0.756136E-03
  0.310977E+00  0.749850E-03
  0.312826E+00  0.743619E-03
  0.314687E+00  0.737443E-03
  0.316560E+00  0.731322E-03
  0.318446E+00  0.725255E-03
  0.320344E+00  0.719242E-03
  0.322254E+00  0.713283E-03
  0.324177E+00  0.707376E-03
  0.326113E+00  0.701522E-03
  0.328061E+00  0.695720E-03
  0.330022E+00  0.689970E-03
  0.331997E+00  0.684271E-03
  0.333984E+00  0.678623E-03
  0.335985E+00  0.673026E-03
  0.337998E+00  0.667478E-03
  0.340026E+00  0.661981E-03
  0.342067E+00  0.656532E-03
  0.344121E+00  0.651132E-03
  0.346190E+00  0.645781E-03
  0.348272E+00  0.640478E-03
  0.350368E+00  0.635222E-03
  0.352479E+00  0.630014E-03
  0.354604E+00  0.624853E-03
  0.356743E+00  0.619738E-03
  0.358897E+00  0.614670E-03
  0.361065E+00  0.609647E-03
  0.363249E+00  0.604669E-03
  0.365447E+00  0.599737E-03
  0.367661E+00  0.594850E-03
  0.369889E+00  0.590006E-03
  0.372134E+00  0.585207E-03
  0.374394E+00  0.580452E-03
  0.376669E+00  0.575739E-03
  0.378960E+00  0.571070E-03
  0.381268E+00  0.566443E-03
  0.383591E+00  0.561859E-03
  0.385931E+00  0.557317E-03
  0.388288E+00  0.552816E-03
  0.390661E+00  0.548356E-03
  0.393051E+00  0.543937E-03
  0.395458E+00  0.539560E-03
  0.397882E+00  0.535222E-03
  0.400323E+00  0.530924E-03
  0.402782E+00  0.526666E-03
  0.405259E+00  0.522447E-03
  0.407754E+00  0.518268E-03
  0.410266E+00  0.514127E-03
  0.412797E+00  0.510025E-03
  0.415347E+00  0.505960E-03
  0.417915E+00  0.501934E-03
  0.420502E+00  0.497945E-03
  0.423108E+00  0.493993E-03
  0.425733E+00  0.490079E-03
  0.428378E+00  0.486201E-03
  0.431043E+00  0.482359E-03
  0.433727E+00  0.478553E-03
  0.436432E+00  0.474784E-03
  0.439157E+00  0.471050E-03
  0.441903E+00  0.467351E-03
  0.444669E+00  0.463687E-03
  0.447457E+00  0.460058E-03
  0.450266E+00  0.456463E-03
  0.453097E+00  0.452902E-03
  0.455949E+00  0.449376E-03
  0.458824E+00  0.445883E-03
  0.461721E+00  0.442423E-03
  0.464640E+00  0.438997E-03
  0.467583E+00  0.435604E-03
  0.470549E+00  0.432243E-03
  0.473538E+00  0.428914E-03
  0.476551E+00  0.425618E-03
  0.479588E+00  0.422354E-03
  0.482649E+00  0.419121E-03
  0.485736E+00  0.415920E-03
  0.488847E+00  0.412750E-03
  0.491983E+00  0.409611E-03
  0.495145E+00  0.406502E-03
  0.498334E+00  0.403425E-03
  0.501548E+00  0.400377E-03
  0.504789E+00  0.397359E-03
  0.508058E+00  0.394372E-03
  0.511353E+00  0.391413E-03
  0.514677E+00  0.388485E-03
  0.518028E+00  0.385585E-03
  0.521409E+00  0.382714E-03
  0.524818E+00  0.379872E-03
  0.528256E+00  0.377059E-03
  0.531724E+00  0.374273E-03
  0.535223E+00  0.371516E-03
  0.538752E+00  0.368787E-03
  0.542312E+00  0.366085E-03
  0.545904E+00  0.363411E-03
  0.549528E+00  0.360764E-03
  0.553184E+00  0.358145E-03
  0.556873E+00  0.355552E-03
  0.560596E+00  0.352985E-03
  0.564352E+00  0.350446E-03
  0.568143E+00  0.347932E-03
  0.571969E+00  0.345445E-03
  0.575831E+00  0.342983E-03
  0.579728E+00  0.340548E-03
  0.583663E+00  0.338137E-03
  0.587634E+00  0.335753E-03
  0.591644E+00  0.333393E-03
  0.595692E+00  0.331058E-03
  0.599779E+00  0.328748E-03
  0.603906E+00  0.326463E-03
  0.608073E+00  0.324203E-03
  0.612281E+00  0.321966E-03
  0.616531E+00  0.319754E-03
  0.620824E+00  0.317566E-03
  0.625160E+00  0.315401E-03
  0.629540E+00  0.313260E-03
  0.633964E+00  0.311143E-03
  0.638434E+00  0.309048E-03
  0.642950E+00  0.306977E-03
  0.647514E+00  0.304929E-03
  0.652125E+00  0.302904E-03
  0.656785E+00  0.300901E-03
  0.661496E+00  0.298921E-03
  0.666256E+00  0.296963E-03
  0.671069E+00  0.295028E-03
  0.675934E+00  0.293114E-03
  0.680852E+00  0.291223E-03
  0.685825E+00  0.289353E-03
  0.690854E+00  0.287504E-03
  0.695940E+00  0.285677E-03
  0.701083E+00  0.283872E-03
  0.706285E+00  0.282088E-03
  0.711548E+00  0.280324E-03
  0.716872E+00  0.278582E-03
  0.722259E+00  0.276860E-03
  0.727709E+00  0.275159E-03
  0.733225E+00  0.273478E-03
  0.738807E+00  0.271818E-03
  0.744457E+00  0.270177E-03
  0.750177E+00  0.268557E-03
  0.755968E+00  0.266957E-03
  0.761831E+00  0.265376E-03
  0.767768E+00  0.263816E-03
  0.773780E+00  0.262274E-03
  0.779870E+00  0.260753E-03
  0.786039E+00  0.259250E-03
  0.792289E+00  0.257767E-03
  0.798622E+00  0.256302E-03
  0.805038E+00  0.254857E-03
  0.811542E+00  0.253430E-03
  0.818134E+00  0.252022E-03
  0.824816E+00  0.250633E-03
  0.831591E+00  0.249262E-03
  0.838461E+00  0.247909E-03
  0.845429E+00  0.246574E-03
  0.852496E+00  0.245258E-03
  0.859665E+00  0.243959E-03
  0.866938E+00  0.242679E-03
  0.874319E+00  0.241416E-03
  0.881810E+00  0.240170E-03
  0.889414E+00  0.238942E-03
  0.897133E+00  0.237732E-03
  0.904971E+00  0.236539E-03
  0.912930E+00  0.235363E-03
  0.921015E+00  0.234204E-03
  0.929228E+00  0.233062E-03
  0.937573E+00  0.231936E-03
  0.946054E+00  0.230828E-03
  0.954673E+00  0.229736E-03
  0.963436E+00  0.228661E-03
  0.972346E+00  0.227602E-03
  0.981407E+00  0.226559E-03
  0.990623E+00  0.225532E-03
  0.100000E+01  0.224522E-03
